# Speedup factor over a single process. columns=16
# Rows        p=1      p=2      p=4      p=8     p=16
128         1.000    0.797    0.645    0.408    0.253
512         1.000    0.906    0.722    0.467    0.249
2048        1.000    0.823    0.644    0.479    0.237
8192        1.000    0.990    0.870    0.548    0.300
32768       1.000    1.282    1.316    0.949    0.528
131072      1.000    1.630    2.068    1.889    1.213
524288      1.000    1.841    2.952    3.252    2.611
2097152     1.000    1.967    3.310    4.051    3.714
8388608     1.000    1.993    3.190    4.120    4.074
