# Raw times columns=16
# Rows        p=1      p=2      p=4      p=8     p=16
128         0.361    0.453    0.560    0.885    1.428
512         0.366    0.404    0.507    0.783    1.470
2048        0.360    0.438    0.559    0.752    1.517
8192        0.509    0.514    0.585    0.929    1.696
32768       0.943    0.736    0.717    0.994    1.785
131072      2.654    1.629    1.284    1.405    2.188
524288     10.122    5.497    3.429    3.113    3.876
2097152    39.786   20.230   12.021    9.821   10.712
8388608   161.122   80.830   50.502   39.111   39.548
